"No."	"PosX"	"PosY"	"PosZ"	"FrontX"	"FrontY"	"FrontZ"	"LeftX"	"LeftY"	"LeftZ"	"UpX"	"UpY"	"UpZ"
1	-290.606498	10.777089	29.620222	-0.997019	-0.043619	0.063648	0.063708	-0.000000	0.997969	-0.043531	0.999048	0.002779
2	-291.105074	10.756383	29.651737	-0.997457	-0.039724	0.059180	0.059232	-0.000121	0.998244	-0.039647	0.999211	0.002474
3	-291.604012	10.737126	29.677884	-0.998357	-0.037676	0.043177	0.043229	-0.000555	0.999065	-0.037617	0.999290	0.002183
4	-292.103395	10.718570	29.694051	-0.999121	-0.036767	0.020157	0.020211	-0.001107	0.999795	-0.036738	0.999323	0.001849
5	-292.603033	10.700273	29.697521	-0.999306	-0.036561	-0.007144	-0.007087	-0.001686	0.999973	-0.036572	0.999330	0.001425
6	-293.102558	10.681955	29.686562	-0.998627	-0.036808	-0.037261	-0.037203	-0.002253	0.999305	-0.036866	0.999320	0.000881
7	-293.601487	10.663429	29.660012	-0.996893	-0.037362	-0.069340	-0.069284	-0.002794	0.997593	-0.037466	0.999298	0.000196
8	-294.099258	10.644569	29.617059	-0.993974	-0.038126	-0.102770	-0.102719	-0.003298	0.994705	-0.038263	0.999268	-0.000638
9	-294.595254	10.625287	29.557128	-0.989779	-0.039035	-0.137166	-0.137124	-0.003764	0.990547	-0.039182	0.999231	-0.001627
10	-295.088817	10.605524	29.479806	-0.984234	-0.040044	-0.172280	-0.172252	-0.004193	0.985044	-0.040168	0.999189	-0.002771
11	-295.579260	10.585237	29.384798	-0.977290	-0.041120	-0.207879	-0.207868	-0.004583	0.978146	-0.041174	0.999144	-0.004069
12	-296.065873	10.564400	29.271903	-0.968904	-0.042238	-0.243804	-0.243816	-0.004937	0.969809	-0.042167	0.999095	-0.005515
13	-296.547926	10.542999	29.140990	-0.959041	-0.043378	-0.279925	-0.279966	-0.005256	0.959996	-0.043114	0.999045	-0.007104
14	-297.024671	10.521024	28.991990	-0.947669	-0.044525	-0.316136	-0.316210	-0.005542	0.948673	-0.043992	0.998993	-0.008827
15	-297.495349	10.498477	28.824888	-0.934772	-0.045666	-0.352302	-0.352416	-0.005796	0.935825	-0.044777	0.998940	-0.010675
16	-297.959186	10.475363	28.639713	-0.920296	-0.046791	-0.388415	-0.388574	-0.006024	0.921398	-0.045453	0.998887	-0.012638
17	-298.415396	10.451693	28.436538	-0.904256	-0.047889	-0.424297	-0.424506	-0.006223	0.905404	-0.045999	0.998833	-0.014702
18	-298.863184	10.427482	28.215479	-0.886612	-0.048953	-0.459916	-0.460180	-0.006397	0.887803	-0.046403	0.998781	-0.016856
19	-299.301744	10.402748	27.976692	-0.867333	-0.049976	-0.495213	-0.495538	-0.006549	0.868562	-0.046651	0.998729	-0.019085
20	-299.730262	10.377515	27.720369	-0.846450	-0.050950	-0.530025	-0.530414	-0.006675	0.847712	-0.046729	0.998679	-0.021374
21	-300.147918	10.351808	27.446749	-0.823886	-0.051871	-0.564377	-0.564834	-0.006784	0.825177	-0.046631	0.998631	-0.023709
22	-300.553883	10.325656	27.156108	-0.799663	-0.052730	-0.598130	-0.598658	-0.006873	0.800975	-0.046346	0.998585	-0.026071
23	-300.947326	10.299090	26.848764	-0.773801	-0.053522	-0.631164	-0.631767	-0.006939	0.775128	-0.045866	0.998543	-0.028444
24	-301.327414	10.272146	26.525082	-0.746268	-0.054242	-0.663432	-0.664110	-0.006987	0.747602	-0.045187	0.998503	-0.030809
25	-301.693313	10.244861	26.185473	-0.717035	-0.054886	-0.694873	-0.695628	-0.007018	0.718368	-0.044305	0.998468	-0.033148
26	-302.044193	10.217275	25.830391	-0.686164	-0.055445	-0.725331	-0.726163	-0.007028	0.687487	-0.043215	0.998437	-0.035440
27	-302.379229	10.189432	25.460342	-0.653668	-0.055917	-0.754713	-0.755619	-0.007015	0.654973	-0.041918	0.998411	-0.037666
28	-302.697606	10.161375	25.075884	-0.619557	-0.056295	-0.782930	-0.783910	-0.006980	0.620835	-0.040415	0.998390	-0.039805
29	-302.998524	10.133154	24.677625	-0.583840	-0.056575	-0.809895	-0.810945	-0.006923	0.585081	-0.038707	0.998374	-0.041837
30	-303.281200	10.104818	24.266226	-0.546577	-0.056752	-0.835484	-0.836600	-0.006838	0.547772	-0.036801	0.998365	-0.043741
31	-303.544873	10.076420	23.842403	-0.507830	-0.056823	-0.859581	-0.860758	-0.006723	0.508970	-0.034700	0.998362	-0.045496
32	-303.788813	10.048014	23.406923	-0.467659	-0.056782	-0.882083	-0.883315	-0.006574	0.468734	-0.032415	0.998365	-0.047082
33	-304.012322	10.019656	22.960611	-0.426129	-0.056628	-0.902888	-0.904166	-0.006388	0.427133	-0.029955	0.998375	-0.048479
34	-304.214741	9.991406	22.504340	-0.383322	-0.056355	-0.921894	-0.923210	-0.006160	0.384246	-0.027333	0.998392	-0.049667
35	-304.395458	9.963321	22.039038	-0.339335	-0.055963	-0.938999	-0.940345	-0.005885	0.340172	-0.024563	0.998415	-0.050628
36	-304.553911	9.935463	21.565678	-0.294283	-0.055449	-0.954108	-0.955473	-0.005557	0.295027	-0.021661	0.998446	-0.051345
37	-304.689594	9.907893	21.085280	-0.248281	-0.054812	-0.967136	-0.968509	-0.005170	0.248927	-0.018644	0.998483	-0.051802
38	-304.802064	9.880672	20.598904	-0.201456	-0.054051	-0.978005	-0.979374	-0.004719	0.201998	-0.015534	0.998527	-0.051985
39	-304.890945	9.853863	20.107648	-0.153945	-0.053167	-0.986648	-0.988002	-0.004198	0.154383	-0.012350	0.998577	-0.051883
40	-304.955932	9.827526	19.612639	-0.105901	-0.052161	-0.993008	-0.994335	-0.003599	0.106232	-0.009115	0.998632	-0.051484
41	-304.996794	9.801722	19.115029	-0.057485	-0.051034	-0.997041	-0.998329	-0.002916	0.057708	-0.005853	0.998693	-0.050781
42	-305.013379	9.776511	18.615990	-0.008836	-0.049762	-0.998722	-0.999958	-0.002144	0.008954	-0.002587	0.998759	-0.049740
43	-305.005615	9.751858	18.116709	0.039875	-0.049537	-0.997976	-0.999204	-0.001293	-0.039860	0.000684	0.998771	-0.049549
44	-304.973514	9.726718	17.618423	0.088440	-0.051106	-0.994770	-0.996073	-0.000449	-0.088533	0.004078	0.998693	-0.050945
45	-304.917234	9.700781	17.122328	0.136591	-0.052621	-0.989229	-0.990599	0.000359	-0.136799	0.007553	0.998615	-0.052077
46	-304.837001	9.674118	16.629577	0.184231	-0.054006	-0.981398	-0.982820	0.001130	-0.184561	0.011077	0.998540	-0.052870
47	-304.733098	9.646796	16.141305	0.231254	-0.055261	-0.971323	-0.972784	0.001866	-0.231708	0.014617	0.998470	-0.053326
48	-304.605859	9.618879	15.658622	0.277556	-0.056384	-0.959053	-0.960538	0.002564	-0.278136	0.018141	0.998406	-0.053448
49	-304.455670	9.590434	15.182611	0.323042	-0.057374	-0.944644	-0.946138	0.003224	-0.323749	0.021620	0.998348	-0.053242
50	-304.282961	9.561527	14.714328	0.367621	-0.058230	-0.928151	-0.929639	0.003844	-0.368451	0.025022	0.998296	-0.052720
51	-304.088208	9.532226	14.254800	0.411204	-0.058952	-0.909635	-0.911103	0.004423	-0.412155	0.028321	0.998251	-0.051892
52	-303.871928	9.502597	13.805024	0.453717	-0.059540	-0.889155	-0.890590	0.004960	-0.454781	0.031488	0.998214	-0.050775
53	-303.634678	9.472709	13.365965	0.495076	-0.059994	-0.866776	-0.868164	0.005453	-0.496247	0.034498	0.998184	-0.049385
54	-303.377050	9.442626	12.938557	0.535213	-0.060314	-0.842561	-0.843892	0.005900	-0.536481	0.037328	0.998162	-0.047741
55	-303.099675	9.412417	12.523702	0.574059	-0.060501	-0.816575	-0.817838	0.006299	-0.575414	0.039957	0.998148	-0.045864
56	-302.803213	9.382147	12.122269	0.611551	-0.060557	-0.788884	-0.790070	0.006648	-0.612981	0.042365	0.998143	-0.043778
57	-302.488356	9.351882	11.735094	0.647627	-0.060481	-0.759554	-0.760655	0.006946	-0.649119	0.044535	0.998145	-0.041507
58	-302.155827	9.321687	11.362981	0.682232	-0.060275	-0.728647	-0.729659	0.007188	-0.683773	0.046452	0.998156	-0.039076
59	-301.806377	9.291628	11.006700	0.715308	-0.059940	-0.696234	-0.697152	0.007373	-0.716885	0.048103	0.998175	-0.036513
60	-301.440781	9.261769	10.666989	0.746804	-0.059477	-0.662379	-0.663201	0.007498	-0.748404	0.049479	0.998202	-0.033846
61	-301.059843	9.232172	10.344552	0.776670	-0.058888	-0.627149	-0.627874	0.007560	-0.778278	0.050572	0.998236	-0.031102
62	-300.664389	9.202902	10.040060	0.804859	-0.058173	-0.590608	-0.591238	0.007557	-0.806462	0.051378	0.998278	-0.028312
63	-300.255271	9.174020	9.754151	0.831321	-0.057336	-0.552828	-0.553365	0.007485	-0.832905	0.051893	0.998327	-0.025505
64	-299.833363	9.145587	9.487428	0.856012	-0.056376	-0.513872	-0.514321	0.007341	-0.857566	0.052118	0.998383	-0.022711
65	-299.399561	9.117664	9.240463	0.878889	-0.055296	-0.473811	-0.474177	0.007123	-0.880401	0.052057	0.998445	-0.019960
66	-298.954784	9.090311	9.013790	0.899908	-0.054097	-0.432712	-0.433003	0.006827	-0.901367	0.051715	0.998512	-0.017281
67	-298.499971	9.063586	8.807910	0.919026	-0.052781	-0.390647	-0.390871	0.006450	-0.920423	0.051101	0.998585	-0.014703
68	-298.036083	9.037548	8.623289	0.936203	-0.051351	-0.347688	-0.347853	0.005989	-0.937530	0.050226	0.998663	-0.012256
69	-297.564099	9.012254	8.460356	0.951399	-0.049808	-0.303908	-0.304022	0.005441	-0.952649	0.049103	0.998744	-0.009966
70	-297.085022	8.987759	8.319501	0.964573	-0.048154	-0.259384	-0.259459	0.004803	-0.965742	0.047751	0.998828	-0.007861
71	-296.599871	8.964117	8.201079	0.975689	-0.046393	-0.214193	-0.214237	0.004073	-0.976773	0.046187	0.998915	-0.005966
72	-296.109683	8.941383	8.105401	0.984710	-0.044525	-0.168416	-0.168440	0.003246	-0.985707	0.044435	0.999003	-0.004304
73	-295.615517	8.919609	8.032741	0.991600	-0.042555	-0.122137	-0.122150	0.002319	-0.992509	0.042519	0.999091	-0.002898
74	-295.118444	8.898845	7.983327	0.996328	-0.040484	-0.075444	-0.075453	0.001291	-0.997149	0.040466	0.999179	-0.001768
75	-294.619555	8.879141	7.957346	0.998872	-0.038299	-0.028052	-0.028067	0.000144	-0.999606	0.038288	0.999266	-0.000931
76	-294.119947	8.860448	7.952970	0.999315	-0.037007	-0.000840	-0.000854	-0.000364	-1.000000	0.037007	0.999315	-0.000396
77	-293.620289	8.841961	7.952894	0.999316	-0.036979	-0.000242	-0.000245	-0.000084	-1.000000	0.036979	0.999316	-0.000093
78	-293.120631	8.823472	7.952773	0.999316	-0.036979	-0.000242	-0.000242	-0.000000	-1.000000	0.036979	0.999316	-0.000009
79	-292.620973	8.804983	7.952652	0.999316	-0.036979	-0.000242	-0.000242	0.000000	-1.000000	0.036979	0.999316	-0.000009
80	-292.121315	8.786493	7.952531	0.999316	-0.036979	-0.000242	-0.000242	0.000000	-1.000000	0.036979	0.999316	-0.000009
81	-291.621657	8.768004	7.952410	0.999316	-0.036979	-0.000242	-0.000242	0.000001	-1.000000	0.036979	0.999316	-0.000008
82	-291.121999	8.749515	7.952289	0.999316	-0.036979	-0.000242	-0.000242	0.000002	-1.000000	0.036979	0.999316	-0.000007
83	-290.622341	8.731025	7.952168	0.999316	-0.036979	-0.000242	-0.000242	0.000003	-1.000000	0.036979	0.999316	-0.000006
84	-290.122683	8.712536	7.952046	0.999316	-0.036979	-0.000242	-0.000242	0.000004	-1.000000	0.036979	0.999316	-0.000005
85	-289.623025	8.694047	7.951925	0.999316	-0.036979	-0.000242	-0.000242	0.000005	-1.000000	0.036979	0.999316	-0.000004
86	-289.123367	8.675557	7.951804	0.999316	-0.036979	-0.000242	-0.000242	0.000006	-1.000000	0.036979	0.999316	-0.000003
87	-288.623709	8.657068	7.951683	0.999316	-0.036979	-0.000242	-0.000242	0.000008	-1.000000	0.036979	0.999316	-0.000001
88	-288.124051	8.638579	7.951562	0.999316	-0.036979	-0.000242	-0.000242	0.000009	-1.000000	0.036979	0.999316	0.000000
89	-287.624393	8.620089	7.951441	0.999316	-0.036979	-0.000242	-0.000242	0.000011	-1.000000	0.036979	0.999316	0.000002
90	-287.124735	8.601600	7.951320	0.999316	-0.036979	-0.000242	-0.000242	0.000012	-1.000000	0.036979	0.999316	0.000004
91	-286.625077	8.583110	7.951199	0.999316	-0.036979	-0.000242	-0.000242	0.000014	-1.000000	0.036979	0.999316	0.000005
92	-286.125419	8.564621	7.951078	0.999316	-0.036979	-0.000242	-0.000242	0.000015	-1.000000	0.036979	0.999316	0.000007
93	-285.625761	8.546132	7.950956	0.999316	-0.036979	-0.000242	-0.000242	0.000017	-1.000000	0.036979	0.999316	0.000008
94	-285.126103	8.527642	7.950835	0.999316	-0.036979	-0.000242	-0.000242	0.000018	-1.000000	0.036979	0.999316	0.000009
95	-284.626445	8.509153	7.950714	0.999316	-0.036979	-0.000242	-0.000242	0.000019	-1.000000	0.036979	0.999316	0.000010
96	-284.126787	8.490664	7.950593	0.999316	-0.036979	-0.000242	-0.000242	0.000020	-1.000000	0.036979	0.999316	0.000011
97	-283.627129	8.472174	7.950472	0.999316	-0.036979	-0.000242	-0.000242	0.000021	-1.000000	0.036979	0.999316	0.000012
98	-283.127471	8.453685	7.950351	0.999316	-0.036979	-0.000242	-0.000242	0.000022	-1.000000	0.036979	0.999316	0.000013
99	-282.627813	8.435196	7.950230	0.999316	-0.036979	-0.000242	-0.000242	0.000022	-1.000000	0.036979	0.999316	0.000013
100	-282.128155	8.416706	7.950109	0.999316	-0.036979	-0.000242	-0.000242	0.000022	-1.000000	0.036979	0.999316	0.000013
101	-281.628497	8.398217	7.949988	0.999316	-0.036979	-0.000242	-0.000242	0.000022	-1.000000	0.036979	0.999316	0.000013
102	-281.128839	8.379728	7.949866	0.999316	-0.036979	-0.000242	-0.000242	0.000022	-1.000000	0.036979	0.999316	0.000013
103	-280.629181	8.361238	7.949745	0.999316	-0.036979	-0.000242	-0.000242	0.000021	-1.000000	0.036979	0.999316	0.000012
104	-280.129523	8.342749	7.949624	0.999316	-0.036979	-0.000242	-0.000242	0.000020	-1.000000	0.036979	0.999316	0.000011
105	-279.629865	8.324260	7.949503	0.999316	-0.036979	-0.000242	-0.000242	0.000018	-1.000000	0.036979	0.999316	0.000009
106	-279.130207	8.305770	7.949382	0.999316	-0.036979	-0.000242	-0.000242	0.000016	-1.000000	0.036979	0.999316	0.000007
107	-278.630549	8.287281	7.949261	0.999316	-0.036979	-0.000242	-0.000242	0.000014	-1.000000	0.036979	0.999316	0.000005
108	-278.130891	8.268792	7.949140	0.999316	-0.036979	-0.000242	-0.000242	0.000011	-1.000000	0.036979	0.999316	0.000002
109	-277.631233	8.250302	7.949019	0.999316	-0.036979	-0.000242	-0.000242	0.000007	-1.000000	0.036979	0.999316	-0.000002
110	-277.131575	8.231813	7.948898	0.999316	-0.036979	-0.000242	-0.000242	0.000003	-1.000000	0.036979	0.999316	-0.000006
111	-276.631917	8.213324	7.948776	0.999316	-0.036979	-0.000242	-0.000242	-0.000001	-1.000000	0.036979	0.999316	-0.000010
112	-276.132259	8.194834	7.948655	0.999316	-0.036979	-0.000242	-0.000243	-0.000006	-1.000000	0.036979	0.999316	-0.000015
113	-275.632601	8.176345	7.948534	0.999316	-0.036979	-0.000242	-0.000243	-0.000012	-1.000000	0.036979	0.999316	-0.000021
114	-275.132943	8.157856	7.948413	0.999316	-0.036979	-0.000242	-0.000243	-0.000018	-1.000000	0.036979	0.999316	-0.000027
115	-274.633285	8.139366	7.948292	0.999316	-0.036979	-0.000242	-0.000243	-0.000025	-1.000000	0.036979	0.999316	-0.000034
116	-274.133627	8.120877	7.948171	0.999316	-0.036979	-0.000242	-0.000244	-0.000032	-1.000000	0.036979	0.999316	-0.000041
117	-273.633969	8.102387	7.948050	0.999315	-0.037011	-0.000238	-0.000240	-0.000040	-1.000000	0.037011	0.999315	-0.000049
118	-273.134307	8.083988	7.947917	0.999358	-0.035820	-0.000395	-0.000397	-0.000043	-1.000000	0.035820	0.999358	-0.000057
119	-272.634600	8.066898	7.947611	0.999477	-0.032328	-0.000854	-0.000856	-0.000036	-1.000000	0.032328	0.999477	-0.000063
120	-272.134832	8.051681	7.947060	0.999594	-0.028470	-0.001362	-0.001364	-0.000030	-0.999999	0.028470	0.999595	-0.000068
121	-271.635008	8.038465	7.946244	0.999702	-0.024317	-0.001909	-0.001910	-0.000025	-0.999998	0.024316	0.999704	-0.000071
122	-271.135132	8.027406	7.945146	0.999800	-0.019830	-0.002499	-0.002500	-0.000022	-0.999997	0.019830	0.999803	-0.000072
123	-270.635210	8.018682	7.943739	0.999883	-0.014962	-0.003139	-0.003140	-0.000022	-0.999995	0.014962	0.999888	-0.000069
124	-270.135252	8.012498	7.941999	0.999946	-0.009657	-0.003837	-0.003837	-0.000024	-0.999993	0.009657	0.999953	-0.000062
125	-269.635269	8.009087	7.939894	0.999982	-0.003820	-0.004604	-0.004605	-0.000031	-0.999989	0.003820	0.999993	-0.000048
126	-269.135276	8.008668	7.937396	0.999985	0.001188	-0.005263	-0.005263	-0.000042	-0.999986	-0.001188	0.999999	-0.000036
127	-268.635284	8.009541	7.934728	0.999984	0.001687	-0.005328	-0.005328	-0.000055	-0.999986	-0.001688	0.999999	-0.000046
128	-268.135292	8.010385	7.932064	0.999984	0.001687	-0.005328	-0.005328	-0.000068	-0.999986	-0.001688	0.999999	-0.000059
129	-267.635300	8.011229	7.929400	0.999984	0.001687	-0.005328	-0.005328	-0.000081	-0.999986	-0.001688	0.999999	-0.000072
130	-267.135308	8.012073	7.926735	0.999984	0.001687	-0.005328	-0.005328	-0.000094	-0.999986	-0.001688	0.999999	-0.000086
131	-266.635315	8.012916	7.924071	0.999984	0.001687	-0.005328	-0.005328	-0.000109	-0.999986	-0.001688	0.999999	-0.000100
132	-266.135323	8.013760	7.921407	0.999984	0.001687	-0.005328	-0.005328	-0.000123	-0.999986	-0.001688	0.999999	-0.000114
133	-265.635331	8.014604	7.918743	0.999984	0.001687	-0.005328	-0.005328	-0.000138	-0.999986	-0.001688	0.999999	-0.000129
134	-265.135339	8.015447	7.916078	0.999984	0.001687	-0.005328	-0.005328	-0.000153	-0.999986	-0.001688	0.999999	-0.000144
135	-264.635347	8.016291	7.913414	0.999984	0.001687	-0.005328	-0.005328	-0.000168	-0.999986	-0.001688	0.999999	-0.000159
136	-264.135354	8.017135	7.910750	0.999984	0.001687	-0.005328	-0.005328	-0.000184	-0.999986	-0.001688	0.999999	-0.000175
137	-263.635362	8.017979	7.908086	0.999984	0.001687	-0.005328	-0.005328	-0.000200	-0.999986	-0.001689	0.999999	-0.000191
138	-263.135370	8.018822	7.905422	0.999984	0.001687	-0.005328	-0.005328	-0.000217	-0.999986	-0.001689	0.999999	-0.000208
139	-262.635378	8.019666	7.902757	0.999984	0.001687	-0.005328	-0.005328	-0.000233	-0.999986	-0.001689	0.999999	-0.000224
140	-262.135386	8.020510	7.900093	0.999984	0.001687	-0.005328	-0.005328	-0.000250	-0.999986	-0.001689	0.999999	-0.000241
141	-261.635393	8.021354	7.897429	0.999984	0.001687	-0.005328	-0.005328	-0.000268	-0.999986	-0.001689	0.999999	-0.000259
142	-261.135401	8.022197	7.894765	0.999984	0.001687	-0.005328	-0.005328	-0.000285	-0.999986	-0.001689	0.999999	-0.000276
143	-260.635409	8.023041	7.892101	0.999984	0.001687	-0.005328	-0.005328	-0.000303	-0.999986	-0.001689	0.999999	-0.000294
144	-260.135417	8.023885	7.889436	0.999984	0.001687	-0.005328	-0.005328	-0.000321	-0.999986	-0.001689	0.999999	-0.000312
145	-259.635425	8.024729	7.886772	0.999984	0.001687	-0.005328	-0.005328	-0.000339	-0.999986	-0.001689	0.999999	-0.000330
146	-259.135433	8.025572	7.884108	0.999984	0.001687	-0.005328	-0.005328	-0.000358	-0.999986	-0.001689	0.999999	-0.000349
147	-258.635440	8.026416	7.881444	0.999984	0.001687	-0.005328	-0.005328	-0.000377	-0.999986	-0.001689	0.999999	-0.000368
148	-258.135448	8.027260	7.878779	0.999984	0.001687	-0.005328	-0.005328	-0.000396	-0.999986	-0.001690	0.999998	-0.000387
149	-257.635456	8.028104	7.876115	0.999984	0.001687	-0.005328	-0.005328	-0.000415	-0.999986	-0.001690	0.999998	-0.000406
150	-257.135464	8.028947	7.873451	0.999984	0.001687	-0.005328	-0.005328	-0.000434	-0.999986	-0.001690	0.999998	-0.000425
151	-256.635472	8.029791	7.870787	0.999984	0.001687	-0.005328	-0.005328	-0.000454	-0.999986	-0.001690	0.999998	-0.000445
152	-256.135479	8.030635	7.868123	0.999984	0.001687	-0.005328	-0.005328	-0.000473	-0.999986	-0.001690	0.999998	-0.000464
153	-255.635487	8.031479	7.865458	0.999984	0.001687	-0.005328	-0.005328	-0.000493	-0.999986	-0.001690	0.999998	-0.000484
154	-255.135495	8.032322	7.862794	0.999984	0.001687	-0.005328	-0.005328	-0.000513	-0.999986	-0.001690	0.999998	-0.000504
155	-254.635503	8.033166	7.860130	0.999984	0.001687	-0.005328	-0.005328	-0.000533	-0.999986	-0.001690	0.999998	-0.000524
156	-254.135511	8.034010	7.857466	0.999984	0.001687	-0.005328	-0.005328	-0.000553	-0.999986	-0.001690	0.999998	-0.000544
157	-253.635518	8.034854	7.854802	0.999984	0.001687	-0.005328	-0.005327	-0.000574	-0.999986	-0.001691	0.999998	-0.000565
158	-253.135526	8.035697	7.852137	0.999984	0.001687	-0.005328	-0.005327	-0.000594	-0.999986	-0.001691	0.999998	-0.000585
159	-252.635534	8.036541	7.849473	0.999984	0.001687	-0.005328	-0.005327	-0.000615	-0.999986	-0.001691	0.999998	-0.000606
160	-252.135542	8.037385	7.846809	0.999984	0.001687	-0.005328	-0.005327	-0.000635	-0.999986	-0.001691	0.999998	-0.000626
161	-251.635550	8.038228	7.844145	0.999984	0.001687	-0.005328	-0.005327	-0.000656	-0.999986	-0.001691	0.999998	-0.000647
162	-251.135557	8.039072	7.841480	0.999984	0.001687	-0.005328	-0.005327	-0.000677	-0.999986	-0.001691	0.999998	-0.000668
163	-250.635565	8.039916	7.838816	0.999984	0.001687	-0.005328	-0.005327	-0.000698	-0.999986	-0.001691	0.999998	-0.000689
164	-250.135573	8.040760	7.836152	0.999984	0.001687	-0.005328	-0.005327	-0.000719	-0.999986	-0.001691	0.999998	-0.000710
165	-249.635581	8.041603	7.833488	0.999984	0.001687	-0.005328	-0.005327	-0.000739	-0.999986	-0.001691	0.999998	-0.000730
166	-249.135589	8.042447	7.830824	0.999984	0.001687	-0.005328	-0.005327	-0.000760	-0.999986	-0.001692	0.999998	-0.000751
167	-248.635597	8.043291	7.828159	0.999984	0.001687	-0.005328	-0.005327	-0.000781	-0.999986	-0.001692	0.999998	-0.000772
168	-248.135604	8.044135	7.825495	0.999984	0.001687	-0.005328	-0.005327	-0.000802	-0.999985	-0.001692	0.999998	-0.000793
169	-247.635612	8.044978	7.822831	0.999984	0.001687	-0.005328	-0.005327	-0.000823	-0.999985	-0.001692	0.999998	-0.000814
170	-247.135620	8.045822	7.820167	0.999984	0.001687	-0.005328	-0.005327	-0.000844	-0.999985	-0.001692	0.999998	-0.000835
171	-246.635628	8.046666	7.817503	0.999984	0.001687	-0.005328	-0.005327	-0.000865	-0.999985	-0.001692	0.999998	-0.000856
172	-246.135636	8.047510	7.814838	0.999984	0.001687	-0.005328	-0.005327	-0.000886	-0.999985	-0.001692	0.999998	-0.000877
173	-245.635643	8.048189	7.812172	0.999980	0.003307	-0.005312	-0.005309	-0.000906	-0.999985	-0.003312	0.999994	-0.000889
174	-245.135796	8.057179	7.809591	0.998777	0.049210	-0.004845	-0.004806	-0.000914	-0.999988	-0.049214	0.998788	-0.000676
175	-244.637791	8.100441	7.807363	0.992324	0.123598	-0.004065	-0.003989	-0.000864	-0.999992	-0.123600	0.992332	-0.000364
176	-244.144419	8.180830	7.805531	0.980200	0.197984	-0.003254	-0.003168	-0.000751	-0.999995	-0.197985	0.980205	-0.000109
177	-243.658525	8.298247	7.804112	0.962483	0.271330	-0.002424	-0.002356	-0.000576	-0.999997	-0.271331	0.962486	0.000085
178	-243.182797	8.451762	7.803108	0.939689	0.342025	-0.001593	-0.001570	-0.000344	-0.999999	-0.342025	0.939691	0.000214
179	-242.719575	8.639692	7.802517	0.912662	0.408714	-0.000780	-0.000826	-0.000064	-1.000000	-0.408714	0.912663	0.000279
180	-242.270832	8.859963	7.802327	0.883490	0.468451	-0.000019	-0.000151	0.000243	-1.000000	-0.468451	0.883490	0.000286
181	-241.833225	9.101825	7.802423	0.873575	0.486690	0.000237	0.000079	0.000346	-1.000000	-0.486690	0.873575	0.000264
182	-241.396305	9.344931	7.802538	0.873841	0.486211	0.000230	0.000083	0.000325	-1.000000	-0.486212	0.873841	0.000244
183	-240.959384	9.588036	7.802654	0.873841	0.486211	0.000230	0.000092	0.000308	-1.000000	-0.486212	0.873841	0.000224
184	-240.522464	9.831142	7.802769	0.873841	0.486211	0.000230	0.000102	0.000291	-1.000000	-0.486212	0.873841	0.000205
185	-240.085543	10.074248	7.802884	0.873841	0.486211	0.000230	0.000111	0.000274	-1.000000	-0.486212	0.873841	0.000185
186	-239.648623	10.317354	7.802999	0.873841	0.486211	0.000230	0.000121	0.000257	-1.000000	-0.486212	0.873841	0.000166
187	-239.211702	10.560459	7.803114	0.873841	0.486211	0.000230	0.000130	0.000240	-1.000000	-0.486212	0.873841	0.000147
188	-238.774782	10.803565	7.803230	0.873841	0.486211	0.000230	0.000139	0.000224	-1.000000	-0.486212	0.873841	0.000128
189	-238.337861	11.046671	7.803345	0.873841	0.486211	0.000230	0.000148	0.000208	-1.000000	-0.486212	0.873841	0.000110
190	-237.900940	11.289777	7.803460	0.873841	0.486211	0.000230	0.000157	0.000192	-1.000000	-0.486212	0.873841	0.000091
191	-237.464020	11.532882	7.803575	0.873841	0.486211	0.000230	0.000166	0.000176	-1.000000	-0.486212	0.873841	0.000073
192	-237.027099	11.775988	7.803690	0.873841	0.486211	0.000230	0.000175	0.000160	-1.000000	-0.486212	0.873841	0.000055
193	-236.590179	12.019094	7.803806	0.873841	0.486211	0.000230	0.000183	0.000145	-1.000000	-0.486212	0.873841	0.000037
194	-236.153258	12.262200	7.803921	0.873841	0.486211	0.000230	0.000192	0.000130	-1.000000	-0.486212	0.873841	0.000020
195	-235.716338	12.505305	7.804036	0.873841	0.486211	0.000230	0.000200	0.000115	-1.000000	-0.486212	0.873841	0.000003
196	-235.279417	12.748411	7.804151	0.873841	0.486211	0.000230	0.000208	0.000100	-1.000000	-0.486212	0.873841	-0.000014
197	-234.842496	12.991517	7.804266	0.873841	0.486211	0.000230	0.000216	0.000085	-1.000000	-0.486212	0.873841	-0.000030
198	-234.405576	13.234623	7.804382	0.873841	0.486211	0.000230	0.000224	0.000071	-1.000000	-0.486211	0.873841	-0.000047
199	-233.968655	13.477728	7.804497	0.873841	0.486211	0.000230	0.000232	0.000057	-1.000000	-0.486211	0.873841	-0.000063
200	-233.531735	13.720834	7.804612	0.873841	0.486211	0.000230	0.000239	0.000044	-1.000000	-0.486211	0.873841	-0.000078
201	-233.094814	13.963940	7.804727	0.873841	0.486211	0.000230	0.000247	0.000030	-1.000000	-0.486211	0.873841	-0.000093
202	-232.657894	14.207046	7.804842	0.873841	0.486211	0.000230	0.000254	0.000017	-1.000000	-0.486211	0.873841	-0.000108
203	-232.220973	14.450151	7.804958	0.873841	0.486211	0.000230	0.000261	0.000005	-1.000000	-0.486211	0.873841	-0.000123
204	-231.784052	14.693257	7.805073	0.873841	0.486211	0.000230	0.000268	-0.000008	-1.000000	-0.486211	0.873841	-0.000137
205	-231.347132	14.936363	7.805188	0.873841	0.486211	0.000230	0.000275	-0.000020	-1.000000	-0.486211	0.873841	-0.000151
206	-230.910211	15.179469	7.805303	0.873841	0.486211	0.000230	0.000281	-0.000031	-1.000000	-0.486211	0.873841	-0.000164
207	-230.473291	15.422574	7.805418	0.873841	0.486211	0.000230	0.000288	-0.000043	-1.000000	-0.486211	0.873841	-0.000177
208	-230.036370	15.665680	7.805534	0.873841	0.486211	0.000230	0.000294	-0.000054	-1.000000	-0.486211	0.873841	-0.000190
209	-229.599450	15.908786	7.805649	0.873841	0.486211	0.000230	0.000300	-0.000065	-1.000000	-0.486211	0.873841	-0.000202
210	-229.162529	16.151892	7.805764	0.873841	0.486211	0.000230	0.000306	-0.000075	-1.000000	-0.486211	0.873841	-0.000214
211	-228.725608	16.394997	7.805879	0.873841	0.486211	0.000230	0.000311	-0.000086	-1.000000	-0.486211	0.873841	-0.000226
212	-228.288688	16.638103	7.805994	0.873841	0.486211	0.000230	0.000317	-0.000095	-1.000000	-0.486211	0.873841	-0.000237
213	-227.851767	16.881209	7.806110	0.873841	0.486211	0.000230	0.000322	-0.000105	-1.000000	-0.486211	0.873841	-0.000248
214	-227.414847	17.124315	7.806225	0.873841	0.486211	0.000230	0.000327	-0.000114	-1.000000	-0.486211	0.873841	-0.000259
215	-226.977926	17.367420	7.806340	0.873841	0.486211	0.000230	0.000332	-0.000123	-1.000000	-0.486211	0.873841	-0.000269
216	-226.541006	17.610526	7.806455	0.873841	0.486211	0.000230	0.000337	-0.000132	-1.000000	-0.486211	0.873841	-0.000279
217	-226.104085	17.853632	7.806570	0.873841	0.486211	0.000230	0.000342	-0.000141	-1.000000	-0.486211	0.873841	-0.000289
218	-225.667164	18.096738	7.806686	0.873841	0.486211	0.000230	0.000346	-0.000149	-1.000000	-0.486211	0.873841	-0.000299
219	-225.230244	18.339843	7.806801	0.873841	0.486211	0.000230	0.000351	-0.000157	-1.000000	-0.486211	0.873841	-0.000308
220	-224.793323	18.582949	7.806916	0.873841	0.486211	0.000230	0.000355	-0.000164	-1.000000	-0.486211	0.873841	-0.000316
221	-224.356403	18.826055	7.807031	0.873841	0.486211	0.000230	0.000359	-0.000172	-1.000000	-0.486211	0.873841	-0.000325
222	-223.919482	19.069161	7.807146	0.873841	0.486211	0.000230	0.000363	-0.000179	-1.000000	-0.486211	0.873841	-0.000333
223	-223.482562	19.312266	7.807262	0.873841	0.486211	0.000230	0.000367	-0.000186	-1.000000	-0.486211	0.873841	-0.000341
224	-223.045641	19.555372	7.807377	0.873841	0.486211	0.000230	0.000371	-0.000192	-1.000000	-0.486211	0.873841	-0.000348
225	-222.608721	19.798478	7.807492	0.873841	0.486211	0.000230	0.000374	-0.000199	-1.000000	-0.486211	0.873841	-0.000355
226	-222.171800	20.041584	7.807607	0.873841	0.486211	0.000230	0.000377	-0.000205	-1.000000	-0.486211	0.873841	-0.000362
227	-221.734879	20.284689	7.807722	0.873841	0.486211	0.000230	0.000381	-0.000210	-1.000000	-0.486211	0.873841	-0.000369
228	-221.297959	20.527795	7.807838	0.873841	0.486211	0.000230	0.000384	-0.000216	-1.000000	-0.486211	0.873841	-0.000375
229	-220.861038	20.770901	7.807953	0.873841	0.486211	0.000230	0.000387	-0.000221	-1.000000	-0.486211	0.873841	-0.000381
230	-220.424118	21.014007	7.808068	0.873841	0.486211	0.000230	0.000390	-0.000226	-1.000000	-0.486211	0.873841	-0.000387
231	-219.987197	21.257112	7.808183	0.873841	0.486211	0.000230	0.000392	-0.000231	-1.000000	-0.486211	0.873841	-0.000393
232	-219.550277	21.500218	7.808298	0.873841	0.486211	0.000230	0.000395	-0.000236	-1.000000	-0.486211	0.873841	-0.000398
233	-219.113356	21.743324	7.808414	0.873841	0.486211	0.000230	0.000397	-0.000240	-1.000000	-0.486211	0.873841	-0.000403
234	-218.676435	21.986430	7.808529	0.873841	0.486211	0.000230	0.000400	-0.000244	-1.000000	-0.486211	0.873841	-0.000408
235	-218.239515	22.229535	7.808644	0.873841	0.486211	0.000230	0.000402	-0.000248	-1.000000	-0.486211	0.873841	-0.000412
236	-217.802594	22.472641	7.808759	0.873841	0.486211	0.000230	0.000404	-0.000252	-1.000000	-0.486211	0.873841	-0.000416
237	-217.365674	22.715747	7.808874	0.873841	0.486211	0.000230	0.000406	-0.000255	-1.000000	-0.486211	0.873841	-0.000420
238	-216.928753	22.958853	7.808990	0.873841	0.486211	0.000230	0.000407	-0.000258	-1.000000	-0.486211	0.873841	-0.000424
239	-216.491833	23.201958	7.809105	0.873841	0.486211	0.000230	0.000409	-0.000261	-1.000000	-0.486211	0.873841	-0.000427
240	-216.054912	23.445064	7.809220	0.873841	0.486211	0.000230	0.000411	-0.000264	-1.000000	-0.486211	0.873841	-0.000431
241	-215.617991	23.688170	7.809335	0.873841	0.486211	0.000230	0.000412	-0.000267	-1.000000	-0.486211	0.873841	-0.000434
242	-215.181071	23.931276	7.809450	0.873841	0.486211	0.000230	0.000413	-0.000269	-1.000000	-0.486211	0.873841	-0.000436
243	-214.744150	24.174381	7.809566	0.873841	0.486211	0.000230	0.000415	-0.000271	-1.000000	-0.486211	0.873841	-0.000439
244	-214.307230	24.417487	7.809681	0.873841	0.486211	0.000230	0.000416	-0.000273	-1.000000	-0.486211	0.873841	-0.000441
245	-213.870309	24.660593	7.809796	0.873841	0.486211	0.000230	0.000417	-0.000275	-1.000000	-0.486211	0.873841	-0.000443
246	-213.433389	24.903699	7.809911	0.873841	0.486211	0.000230	0.000418	-0.000277	-1.000000	-0.486211	0.873841	-0.000445
247	-212.996468	25.146804	7.810026	0.873841	0.486211	0.000230	0.000418	-0.000278	-1.000000	-0.486211	0.873841	-0.000447
248	-212.559547	25.389910	7.810142	0.873841	0.486211	0.000230	0.000419	-0.000279	-1.000000	-0.486211	0.873841	-0.000448
249	-212.122627	25.633016	7.810257	0.873841	0.486211	0.000230	0.000420	-0.000281	-1.000000	-0.486211	0.873841	-0.000449
250	-211.685706	25.876122	7.810372	0.873841	0.486211	0.000230	0.000420	-0.000281	-1.000000	-0.486211	0.873841	-0.000450
251	-211.248786	26.119227	7.810487	0.873841	0.486211	0.000230	0.000421	-0.000282	-1.000000	-0.486211	0.873841	-0.000451
252	-210.811865	26.362333	7.810602	0.873841	0.486211	0.000230	0.000421	-0.000283	-1.000000	-0.486211	0.873841	-0.000452
253	-210.374945	26.605439	7.810718	0.873841	0.486211	0.000230	0.000421	-0.000283	-1.000000	-0.486211	0.873841	-0.000452
254	-209.938024	26.848545	7.810833	0.873841	0.486211	0.000230	0.000421	-0.000283	-1.000000	-0.486211	0.873841	-0.000452
255	-209.501103	27.091650	7.810948	0.873841	0.486211	0.000230	0.000421	-0.000283	-1.000000	-0.486211	0.873841	-0.000452
256	-209.064183	27.334756	7.811063	0.873841	0.486211	0.000230	0.000421	-0.000283	-1.000000	-0.486211	0.873841	-0.000452
257	-208.627262	27.577862	7.811178	0.873841	0.486211	0.000230	0.000421	-0.000283	-1.000000	-0.486211	0.873841	-0.000452
258	-208.190342	27.820968	7.811294	0.873841	0.486211	0.000230	0.000421	-0.000282	-1.000000	-0.486211	0.873841	-0.000451
259	-207.753421	28.064073	7.811409	0.873841	0.486211	0.000230	0.000420	-0.000282	-1.000000	-0.486211	0.873841	-0.000451
260	-207.316501	28.307179	7.811524	0.873841	0.486211	0.000230	0.000420	-0.000281	-1.000000	-0.486211	0.873841	-0.000450
261	-206.879580	28.550285	7.811639	0.873841	0.486211	0.000230	0.000419	-0.000280	-1.000000	-0.486211	0.873841	-0.000449
262	-206.442660	28.793391	7.811754	0.873841	0.486211	0.000230	0.000419	-0.000279	-1.000000	-0.486211	0.873841	-0.000448
263	-206.005739	29.036496	7.811869	0.873841	0.486211	0.000230	0.000418	-0.000278	-1.000000	-0.486211	0.873841	-0.000446
264	-205.568818	29.279602	7.811985	0.873841	0.486211	0.000230	0.000418	-0.000277	-1.000000	-0.486211	0.873841	-0.000445
265	-205.131898	29.522708	7.812100	0.873841	0.486211	0.000230	0.000417	-0.000275	-1.000000	-0.486211	0.873841	-0.000443
266	-204.694977	29.765814	7.812215	0.873841	0.486211	0.000230	0.000416	-0.000274	-1.000000	-0.486211	0.873841	-0.000441
267	-204.258057	30.008919	7.812330	0.873841	0.486211	0.000230	0.000415	-0.000272	-1.000000	-0.486211	0.873841	-0.000439
268	-203.821136	30.252025	7.812445	0.873841	0.486211	0.000230	0.000414	-0.000270	-1.000000	-0.486211	0.873841	-0.000437
269	-203.384216	30.495131	7.812561	0.873841	0.486211	0.000230	0.000413	-0.000268	-1.000000	-0.486211	0.873841	-0.000435
270	-202.947295	30.738236	7.812676	0.873841	0.486211	0.000230	0.000412	-0.000266	-1.000000	-0.486211	0.873841	-0.000433
271	-202.510374	30.981342	7.812791	0.873841	0.486211	0.000230	0.000410	-0.000264	-1.000000	-0.486211	0.873841	-0.000430
272	-202.073454	31.224448	7.812906	0.873841	0.486211	0.000230	0.000409	-0.000262	-1.000000	-0.486211	0.873841	-0.000428
273	-201.636533	31.467554	7.813021	0.873841	0.486211	0.000230	0.000408	-0.000259	-1.000000	-0.486211	0.873841	-0.000425
274	-201.199613	31.710659	7.813137	0.873841	0.486211	0.000230	0.000407	-0.000257	-1.000000	-0.486211	0.873841	-0.000422
275	-200.762692	31.953765	7.813252	0.873841	0.486211	0.000230	0.000405	-0.000254	-1.000000	-0.486211	0.873841	-0.000419
276	-200.325772	32.196871	7.813367	0.873841	0.486211	0.000230	0.000404	-0.000251	-1.000000	-0.486211	0.873841	-0.000416
277	-199.888851	32.439977	7.813482	0.873841	0.486211	0.000230	0.000402	-0.000249	-1.000000	-0.486211	0.873841	-0.000413
278	-199.451930	32.683082	7.813597	0.873841	0.486211	0.000230	0.000400	-0.000246	-1.000000	-0.486211	0.873841	-0.000409
279	-199.015010	32.926188	7.813713	0.873841	0.486211	0.000230	0.000399	-0.000243	-1.000000	-0.486211	0.873841	-0.000406
280	-198.578089	33.169294	7.813828	0.873841	0.486211	0.000230	0.000397	-0.000240	-1.000000	-0.486211	0.873841	-0.000403
281	-198.141169	33.412400	7.813943	0.873841	0.486211	0.000230	0.000395	-0.000237	-1.000000	-0.486211	0.873841	-0.000399
282	-197.704248	33.655505	7.814058	0.873841	0.486211	0.000230	0.000394	-0.000233	-1.000000	-0.486211	0.873841	-0.000395
283	-197.267328	33.898611	7.814173	0.873841	0.486211	0.000230	0.000392	-0.000230	-1.000000	-0.486211	0.873841	-0.000392
284	-196.830407	34.141717	7.814289	0.873841	0.486211	0.000230	0.000390	-0.000227	-1.000000	-0.486211	0.873841	-0.000388
285	-196.393486	34.384823	7.814404	0.873841	0.486211	0.000230	0.000388	-0.000223	-1.000000	-0.486211	0.873841	-0.000384
286	-195.956566	34.627928	7.814519	0.873841	0.486211	0.000230	0.000386	-0.000220	-1.000000	-0.486211	0.873841	-0.000380
287	-195.519645	34.871034	7.814634	0.873841	0.486211	0.000230	0.000384	-0.000216	-1.000000	-0.486211	0.873841	-0.000376
288	-195.082725	35.114140	7.814749	0.873841	0.486211	0.000230	0.000382	-0.000213	-1.000000	-0.486211	0.873841	-0.000372
289	-194.645804	35.357246	7.814865	0.873841	0.486211	0.000230	0.000380	-0.000209	-1.000000	-0.486211	0.873841	-0.000367
290	-194.208884	35.600351	7.814980	0.873841	0.486211	0.000230	0.000378	-0.000205	-1.000000	-0.486211	0.873841	-0.000363
291	-193.771963	35.843457	7.815095	0.873841	0.486211	0.000230	0.000376	-0.000202	-1.000000	-0.486211	0.873841	-0.000359
292	-193.335043	36.086563	7.815210	0.873841	0.486211	0.000230	0.000374	-0.000198	-1.000000	-0.486211	0.873841	-0.000355
293	-192.898122	36.329669	7.815325	0.873841	0.486211	0.000230	0.000372	-0.000194	-1.000000	-0.486211	0.873841	-0.000350
294	-192.461201	36.572774	7.815441	0.873841	0.486211	0.000230	0.000369	-0.000190	-1.000000	-0.486211	0.873841	-0.000346
295	-192.024281	36.815880	7.815556	0.873841	0.486211	0.000230	0.000367	-0.000186	-1.000000	-0.486211	0.873841	-0.000341
296	-191.587360	37.058986	7.815671	0.873841	0.486211	0.000230	0.000365	-0.000182	-1.000000	-0.486211	0.873841	-0.000337
297	-191.150440	37.302092	7.815786	0.873841	0.486211	0.000230	0.000363	-0.000178	-1.000000	-0.486211	0.873841	-0.000332
298	-190.713519	37.545197	7.815901	0.873841	0.486211	0.000230	0.000361	-0.000174	-1.000000	-0.486211	0.873841	-0.000327
299	-190.276599	37.788303	7.816017	0.873841	0.486211	0.000230	0.000358	-0.000170	-1.000000	-0.486211	0.873841	-0.000323
300	-189.839678	38.031409	7.816132	0.873841	0.486211	0.000230	0.000356	-0.000166	-1.000000	-0.486211	0.873841	-0.000318
301	-189.402757	38.274515	7.816247	0.873841	0.486211	0.000230	0.000354	-0.000162	-1.000000	-0.486211	0.873841	-0.000313
302	-188.965837	38.517620	7.816362	0.873841	0.486211	0.000230	0.000351	-0.000158	-1.000000	-0.486211	0.873841	-0.000309
303	-188.528916	38.760726	7.816477	0.873841	0.486211	0.000230	0.000349	-0.000154	-1.000000	-0.486211	0.873841	-0.000304
304	-188.091996	39.003832	7.816593	0.873841	0.486211	0.000230	0.000347	-0.000149	-1.000000	-0.486211	0.873841	-0.000299
305	-187.655075	39.246938	7.816708	0.873841	0.486211	0.000230	0.000345	-0.000145	-1.000000	-0.486211	0.873841	-0.000295
306	-187.218155	39.490043	7.816823	0.873841	0.486211	0.000230	0.000342	-0.000141	-1.000000	-0.486211	0.873841	-0.000290
307	-186.781234	39.733149	7.816938	0.873841	0.486211	0.000230	0.000340	-0.000137	-1.000000	-0.486211	0.873841	-0.000285
308	-186.344313	39.976255	7.817053	0.873841	0.486211	0.000230	0.000338	-0.000133	-1.000000	-0.486211	0.873841	-0.000280
309	-185.907393	40.219361	7.817169	0.873841	0.486211	0.000230	0.000335	-0.000129	-1.000000	-0.486211	0.873841	-0.000276
310	-185.470472	40.462466	7.817284	0.873841	0.486211	0.000230	0.000333	-0.000125	-1.000000	-0.486211	0.873841	-0.000271
311	-185.033552	40.705572	7.817399	0.873841	0.486211	0.000230	0.000331	-0.000121	-1.000000	-0.486211	0.873841	-0.000266
312	-184.596631	40.948678	7.817514	0.873841	0.486211	0.000230	0.000328	-0.000116	-1.000000	-0.486211	0.873841	-0.000261
313	-184.159711	41.191784	7.817629	0.873841	0.486211	0.000230	0.000326	-0.000112	-1.000000	-0.486211	0.873841	-0.000257
314	-183.722790	41.434889	7.817745	0.873841	0.486211	0.000230	0.000324	-0.000108	-1.000000	-0.486211	0.873841	-0.000252
315	-183.285869	41.677995	7.817860	0.873841	0.486211	0.000230	0.000322	-0.000104	-1.000000	-0.486211	0.873841	-0.000248
316	-182.848949	41.921101	7.817975	0.873841	0.486211	0.000230	0.000319	-0.000100	-1.000000	-0.486211	0.873841	-0.000243
317	-182.412028	42.164207	7.818090	0.873841	0.486211	0.000230	0.000317	-0.000096	-1.000000	-0.486211	0.873841	-0.000238
318	-181.975108	42.407312	7.818205	0.873841	0.486211	0.000230	0.000315	-0.000092	-1.000000	-0.486211	0.873841	-0.000234
319	-181.538187	42.650418	7.818321	0.873841	0.486211	0.000230	0.000313	-0.000088	-1.000000	-0.486211	0.873841	-0.000229
320	-181.101267	42.893524	7.818436	0.873841	0.486211	0.000230	0.000311	-0.000085	-1.000000	-0.486211	0.873841	-0.000225
321	-180.664346	43.136630	7.818551	0.873841	0.486211	0.000230	0.000309	-0.000081	-1.000000	-0.486211	0.873841	-0.000221
322	-180.227425	43.379735	7.818666	0.873841	0.486211	0.000230	0.000307	-0.000077	-1.000000	-0.486211	0.873841	-0.000216
323	-179.790505	43.622841	7.818781	0.873841	0.486211	0.000230	0.000304	-0.000073	-1.000000	-0.486211	0.873841	-0.000212
324	-179.353584	43.865947	7.818897	0.873841	0.486211	0.000230	0.000302	-0.000070	-1.000000	-0.486211	0.873841	-0.000208
325	-178.916664	44.109053	7.819012	0.873841	0.486211	0.000230	0.000300	-0.000066	-1.000000	-0.486211	0.873841	-0.000204
326	-178.479743	44.352158	7.819127	0.873841	0.486211	0.000230	0.000298	-0.000063	-1.000000	-0.486211	0.873841	-0.000200
327	-178.042823	44.595264	7.819242	0.873841	0.486211	0.000230	0.000297	-0.000059	-1.000000	-0.486211	0.873841	-0.000196
328	-177.605902	44.838370	7.819357	0.873841	0.486211	0.000230	0.000295	-0.000056	-1.000000	-0.486211	0.873841	-0.000192
329	-177.168982	45.081476	7.819473	0.873841	0.486211	0.000230	0.000293	-0.000052	-1.000000	-0.486211	0.873841	-0.000188
330	-176.732061	45.324581	7.819588	0.873841	0.486211	0.000230	0.000291	-0.000049	-1.000000	-0.486211	0.873841	-0.000184
331	-176.295140	45.567687	7.819703	0.873841	0.486211	0.000230	0.000289	-0.000046	-1.000000	-0.486211	0.873841	-0.000181
332	-175.858220	45.810793	7.819818	0.873841	0.486211	0.000230	0.000287	-0.000043	-1.000000	-0.486211	0.873841	-0.000177
